0 0.086957 0.717262 0.073579 0.148810
0 0.160535 0.732143 0.060201 0.142857
0 0.245819 0.714286 0.063545 0.119048
0 0.220736 0.586310 0.066890 0.101190
0 0.404682 0.791667 0.073579 0.119048
0 0.441472 0.699405 0.060201 0.101190
0 0.392977 0.580357 0.063545 0.101190
0 0.332776 0.586310 0.056856 0.113095
0 0.367893 0.687500 0.066890 0.089286
0 0.735786 0.616071 0.073579 0.160714
0 0.511706 0.360119 0.060201 0.125000
0 0.869565 0.306548 0.066890 0.136905
0 0.795987 0.273810 0.073579 0.142857
0 0.578595 0.377976 0.060201 0.125000
0 0.650502 0.464286 0.063545 0.130952
0 0.468227 0.491071 0.053512 0.101190
0 0.575251 0.502976 0.066890 0.101190
0 0.618729 0.092262 0.080268 0.101190
