0 0.416139 0.261006 0.167722 0.283019
0 0.071203 0.584906 0.117089 0.201258
0 0.648734 0.088050 0.094937 0.163522
0 0.721519 0.298742 0.094937 0.194969
0 0.775316 0.606918 0.139241 0.245283
0 0.900316 0.899371 0.104430 0.201258
0 0.253165 0.286164 0.126582 0.220126
0 0.207278 0.735849 0.104430 0.264151
0 0.299051 0.537736 0.110759 0.257862
0 0.324367 0.814465 0.123418 0.270440
0 0.444620 0.616352 0.136076 0.289308
0 0.444620 0.886792 0.110759 0.226415
0 0.549051 0.867925 0.079114 0.188679
0 0.610759 0.594340 0.139241 0.371069
0 0.547468 0.342767 0.107595 0.232704
