0 0.137113 0.111111 0.117526 0.131313
0 0.396907 0.179293 0.113402 0.136364
0 0.126804 0.275253 0.109278 0.136364
0 0.270103 0.285354 0.127835 0.146465
0 0.277320 0.099747 0.129897 0.184343
0 0.132990 0.707071 0.142268 0.207071
0 0.374227 0.685606 0.146392 0.194444
0 0.226804 0.806818 0.123711 0.128788
0 0.641237 0.804293 0.177320 0.204545
0 0.790722 0.891414 0.154639 0.151515
0 0.774227 0.671717 0.162887 0.212121
0 0.642268 0.180556 0.150515 0.209596
0 0.821649 0.127525 0.171134 0.209596
0 0.796907 0.299242 0.187629 0.159091
