0 0.144578 0.110837 0.112450 0.133005
0 0.279116 0.105911 0.116466 0.172414
0 0.399598 0.177340 0.116466 0.137931
0 0.132530 0.273399 0.112450 0.123153
0 0.279116 0.288177 0.132530 0.162562
0 0.134538 0.699507 0.140562 0.187192
0 0.373494 0.674877 0.144578 0.187192
0 0.228916 0.810345 0.112450 0.152709
0 0.773092 0.672414 0.148594 0.211823
0 0.640562 0.810345 0.156627 0.201970
0 0.793173 0.894089 0.148594 0.152709
0 0.650602 0.182266 0.136546 0.216749
0 0.817269 0.133005 0.156627 0.216749
0 0.795181 0.300493 0.168675 0.157635
